1758
4440
124540
7124
3383
9520
23167
595
10570
3381
56896
290
1808
4609
1809
207
64374
5723
3757
3082
9557
367
3429
10961
7157
1080
2028
23640
29953
64069
9530
9529
80273
9532
9531
134266
4048
5161
182
5160
7040
627
206338
8467
4012
6594
2670
3569
100506658
28984
213
596
10855
91445
26528
57140
1807
84181
5728
1108
1107
51124
1106
1105
147912
836
6051
3717
4363
302
11035
4313
3359
4318
5076
9407
55107
6101
84909
3553
847
10026
960
5741
1400
124641
7298
6048
5970
1956
5599
4893
123169
64167
1029
1950
6774
51752
4986
22979
7422
355
581
