213
3135
3925
114548
10068
7042
133
3048
5743
7072
116085
84502
7301
6648
6223
3251
7050
5624
4907
3558
4942
8718
57142
2247
284
27202
8431
5267
10059
5950
10724
3560
9377
673
6446
6916
967
5465
7040
7128
4036
2875
1499
7124
9170
3562
5265
3038
5594
1557
3565
6565
3035
3036
3569
4879
4878
1822
2147
410
10800
3240
10327
10537
1909
5155
5604
4313
3146
205
7132
9146
3675
4282
7369
5250
836
3383
1812
1490
1902
4288
3576
3570
3572
1401
100532731
51130
3280
3037
3586
2936
445
59272
3553
3313
3918
3315
248
4353
5406
51056
1435
842
1728
6422
3909
6430
3263
5243
1844
7157
3091
2168
5972
648
6376
6647
624
9241
2920
629
10461
10419
9530
259
3001
3559
7018
3002
1906
2639
3162
7010
7097
7498
3934
1636
2056
3690
6597
6280
7099
7412
183
654
655
4669
1509
682
3897
3082
23523
2621
4277
3606
2625
23417
7299
11082
54567
1950
567
10563
3630
2184
1910
120892
6484
1280
6403
4684
6401
5340
100507436
11136
1800
2022
721
6364
728
883
6277
5111
558
10673
608
3316
59341
84868
6772
5054
100133941
6557
6550
6347
4513
7076
7077
26762
961
1471
1116
10935
8842
1296
1295
57539
3914
142
4316
4318
3627
5286
4519
2678
4804
462
4790
837
9825
2335
58524
5443
943
356
8029
9370
350
23569
358
4851
4582
3717
213
4048
5741
5076
56896
3553
4986
28984
1956
3757
7124
64374
55107
10961
5599
3569
23167
290
595
1080
4893
206338
11035
836
3383
3381
100506658
51752
367
1400
9529
581
302
9520
84181
847
134266
6774
2028
2670
7422
5970
91445
9557
627
9532
9531
9530
8467
10026
6594
10855
7157
596
182
6048
7040
3082
7298
29953
4440
4609
26528
123169
960
1029
1106
1107
1105
51124
6051
80273
1108
147912
124540
10570
5728
5723
6101
23640
1758
5160
5161
4313
207
4318
3359
1807
3429
4012
1809
1808
355
1950
