142
3135
183
3690
836
3570
558
3897
3572
967
10461
259
6550
7301
1844
340024
1636
6772
120892
9825
2625
2184
57539
445
59272
6422
4582
1280
137682
10537
59341
1296
1295
3280
6446
10059
51130
9308
1435
2056
5054
406938
3240
10563
4288
4353
2247
7124
358
3383
721
4879
1909
10800
1910
4669
6223
3925
682
4878
943
1490
2678
567
6564
5604
6565
3082
4282
5950
104472715
6277
1800
3251
51056
7157
6280
629
5406
2639
5243
4851
27202
728
1902
5155
9170
7369
1557
3091
57142
10935
3263
9530
350
6484
114548
3162
1812
9365
7042
7072
7040
7412
3048
10724
2335
6401
8431
654
4790
3558
6597
6403
3565
56606
3627
3562
7018
3569
5624
6916
213
3934
883
5972
248
5250
5265
3576
3316
3315
7128
2875
133
356
3918
3146
5286
2920
6376
5267
23523
116085
842
84502
11082
1376
4151
837
7077
7076
26762
1509
84868
3586
7050
10419
1906
4316
3675
4313
3606
10327
2147
4318
7132
8718
961
2621
7099
2022
7097
1401
5111
462
3909
4036
5743
9377
3630
1471
54567
4907
3036
26503
3038
6347
5594
3037
4684
7498
100507436
4277
1728
284
3914
6364
1950
6557
3002
58524
6648
6647
2168
3559
406934
3560
64412
11136
4519
4804
624
608
10673
5465
5443
2936
9241
7010
655
205
673
4513
4942
5340
6430
9146
8842
60498
8029
7299
648
414
410
222487
100133941
1822
1499
1116
107075310
10068
23417
406992
406991
3313
3035
23569
100532731
3001
3553
9370





































